%parameters BOEING-747
m=564000*0.4536
S=5500*0.0929
b=195.68*0.3048
c=27.31*0.3048
v=165*0.514444
J_x=13.7e6*14.593903*0.0929
J_y=30.5e6*14.593903*0.0929
J_z=43.1e6*14.593903*0.0929
J_xz=0.825e6*14.593903*0.0929